Srno
3087
3088
3089
3090
3091
3092
3123
3124
3125
3126
3127
3128
3190
3191
3192
3193
3194
3195
3196
3197
3198
3199
3200
3201
3202
3203
3208
3209
3210
3211
3212
3213
3218
3219
3220
3221
3222
3223
3224
3225
3226
3227
3228
3229
3278
3279
3280
3281
3282
3283
3310
3311
3312
3313
3314
3315
3316
3317
3318
3319
3320
3321
3330
3331
3342
3343
3344
3345
3346
3358
3359
3361
3362
3363
3364
3365
3366
3457
3458
3459
3460
3461
3462
3463
3464
3506
3507
3508
3509
3510
3511
3512
3513
3514
3537
3613
3614
3615
3616
3617
3618
3619
3620
3621
3622
3623
3624
3664
3665
3666
3670
3673
3674
3675
3676
3687
3688
3689
3690
3691
3692
3736
3737
3738
3739
3740
3741
3742
3743
3744
3759
3760
3761
3762
3796
3797
3798
3799
3800
3801
3802
3803
3804
3805
3806
3807
3808
3809
3813
3814
3817
3818
3819
3820
3833
3834
3835
3836
3837
3838
3839
3840
3841
3842
3843
3844
3845
3846
3847
4005
4006
4007
4008
4009
4010
4011
4012
4013
4014
4015
4016
4017
4018
4019
4020
4021
4024
4025
4026
4042
4043
4044
4045
4046
4047
4072
4073
4074
4075
4131
4167
4168
4169
4170
4171
4172
4173
4174
4184
4195
4196
4234
4235
4236
4237
4238
4239
4240
4241
4242
4243
4244
4245
4246
4247
4248
4273
4344
4345
4346
4347
4348
4359
4432
4433
4434
4435
4436
4437
4438
4439
4440
4447
4448
4449
4450
4451
4452
4453
4454
4455
4456
4457
4458
4459
4460
4461
4462
4463
4464
4465
4516
4517
4518
4519
4520
4521
4522
4523
4524
4525
4526
4527
4574
4585
4586
4587
4588
4589
4590
4591
4592
4705
4706
4707
4708
4709
4711
4712
4713
4714
4715
4729
4735
4736
4737
4738
4739
4740
4741
4742
4743
4744
4745
4746
4747
4748
4749
4750
4751
4753
4754
4755
4756
4757
4791
4792
4793
4794
4795
4796
4797
4798
4799
4800
4801
4802
4803
4804
4805
4806
4838
4839
4840
4841
4842
4843
4845
4846
4847
4848
4849
4850
4851
4852
4858
4859
4860
4861
4862
4863
4865
4867
4868
4869
4877
4878
4885
4890
4891
4892
4893
4894
4895
4896
4897
4898
4899
4900
4901
4902
4903
4904
4905
4906
4909
4910
4923
4935
4938
4939
4942
4944
4945
4949
4950
4951
4952
4953
4966
4967
4968
4969
4970
4971
4972
4973
4976
4977
4978
4979
4980
4986
4987
4988
4989
4990
5011
5012
5014
5015
5016
5017
5018
5019
5020
5021
5022
5023
5024
5025
5026
5027
5028
5029
5030
5031
5032
5033
5037
5038
5039
5040
5041
5042
5043
5044
5045
5046
5047
5048
5049
5050
5051
5052
5053
5054
5055
5056
5057
5058
5059
5060
5061
5062
5063
5067
5068
5069
5070
5071
5072
5073
5074
5075
5076
5077
5078
5079
5080
5081
5082
5083
5084
5085
5086
5087
5088
5089
5090
5091
5092
5093
5094
5095
5096
5097
5098
5099
5100
5101
5102
5103
5104
5105
5106
5107
5108
5109
5110
5111
5112
5113
5114
5115
5116
5117
5118
5119
5120
5122
5123
5125
5126
5127
5128
5129
5130
5131
5132
5134
5135
5136
5137
5138
5139
5141
5142
5143
5145
5147
5149
5150
5151
5152
5153
5154
5156
5157
5158
5159
5160
5161
5163
5164
5165
5166
5170
5171
5172
5173
5174
5175
5176
5177
5180
5183
5186
5189
5190
5191
5192
5193
5194
5195
5196
5197
5198
5199
5200
5201
5202
5203
5205
5208
5209
5210
5211
5212
5213
5214
5215
5216
5217
5218
5219
5222
5223
5224
5225
5226
5227
5228
5229
5230
5240
5241
5243
5244
5245
5246
5248
5249
5250
5251
5252
5253
5254
5255
5256
5257
5258
5259
5260
5261
5262
5263
5264
5265
5266
5267
5268
5269
5270
5271
5272
5273
5274
5275
5276
5277
5278
5279
5280
5281
5282
5283
5288
5289
5290
5291
5292
5293
5294
5295
5296
5297
5298
5299
5300
5301
5302
5304
5305
5306
5307
5308
5309
5310
5311
5312
5313
5314
5315
5316
5317
5318
5319
5320
5321
5322
5323
5324
5325
5328
5329
5330
5331
5332
5333
5334
5335
5336
5337
5338
5339
5340
5341
5342
5343
5344
5350
5351
5352
5353
5354
5355
5356
5357
5358
5359
5360
5361
5362
5363
5364
5365
5366
5367
5368
5369
5370
5371
5373
5374
5375
5376
5378
5379
5380
5381
5382
5383
5384
5385
5386
5387
5388
5391
5392
5393
5394
5395
5396
5397
5398
5399
5400
5401
5402
5403
5404
5405
5406
5407
5408
5409
5410
5412
5413
5414
5415
5416
5417
5418
5419
5420
5421
5422
5423
5424
5425
5426
5427
5428
5429
5430
5431
5432
5433
5434
5435
5437
5438
5439
5440
5441
5442
5443
5444
5445
5446
5447
5448
5449
5450
5451
5452
5453
5454
5455
5456
5457
5458
5459
5461
5462
5463
5464
5465
5466
5467
5468
5469
5470
5471
5472
5473
5474
5475
5480
5481
5482
5483
5484
5485
5490
5491
5497
5498
5499
5500
5501
5502
5503
5504
5505
5506
5507
5508
5509
5510
5511
5512
5513
5514
5516
5517
5518
5519
5522
5523
5524
5525
5526
5527
5529
5530
5531
5532
5533
5534
5547
5548
5549
5550
5553
5554
5556
5558
5559
5560
5561
5562
5563
5564
5565
5566
5567
5568
5569
5570
5571
5572
5575
5578
5579
5580
5581
5582
5583
5584
5585
5586
5587
5588
5589
5590
5591
5592
5605
5606
5607
5608
5609
5610
5611
5612
5613
5614
5615
5616
5617
5618
5619
5620
5621
5623
5625
5626
5627
5629
5630
5631
5633
5638
5639
5640
5641
5642
5643
5644
5645
5646
5652
5653
5654
5655
5656
5657
5658
5659
5660
5661
5662
5663
5664
5665
5666
5667
5668
5669
5670
5671
5672
5683
5684
5685
5686
5687
5688
5689
5690
5691
5692
5693
5694
5695
5701
5702
5703
5705
5706
5707
5708
5709
5710
5711
5712
5713
5714
5715
5716
5717
5718
5719
5720
5721
5722
5723
5724
5725
5726
5727
5728
5729
5730
5731
5732
5733
5734
5735
5736
5737
5740
5741
5742
5743
5744
5745
5746
5748
5749
5750
5751
5752
5754
5755
5756
5757
5758
5759
5760
5762
5763
5764
5765
5766
5767
5768
5769
5770
5771
5772
5773
5774
5775
5776
5777
5779
5780
5781
5782
5783
5784
5785
5786
5789
5790
5791
5792
5793
5794
5795
5801
5802
5803
5804
5805
5806
5807
5808
5809
5810
5811
5812
5813
5814
5815
5816
5817
5818
5819
5820
5821
5822
5823
5824
5825
5826
5827
5828
5829
5830
5831
5832
5833
5834
5835
5836
5837
5838
5839
5840
5841
5842
5843
5844
5845
5846
5847
5848
5849
5850
5851
5852
5853
5854
5855
5856
5857
5858
5859
5860
5861
5862
5863
5864
5865
5866
5867
5868
5869
5870
5871
5874
5875
5877
5878
5879
5880
5881
5882
5883
5884
5885
5886
5887
5888
5889
5890
5891
5892
5893
5894
5895
5896
5897
5898
5899
5900
5901
5903
5904
5905
5906
5907
5908
5909
5910
5911
5912
5913
5914
5915
5916
5917
5918
5919
5920
5921
5922
5923
5924
5925
5926
5927
5928
5929
5930
5931
5932
5933
5934
5935
5936
5937
5938
5942
5943
5944
5953
5954
5955
5957
5958
5959
5960
5961
5962
5963
5965
5966
5967
5968
5969
5970
5971
5972
5973
5974
5977
5978
5979
5980
5981
5982
5984
5985
5986
5987
5988
5989
5990
5991
5992
5993
5994
5995
5996
5997
5998
5999